2.018749475479126
3.4579248428344727
2.8477296829223633
2.180739641189575
3.6502349376678467
2.7879204750061035
2.7641654014587402
3.1898343563079834
3.9328060150146484
2.175121545791626
1.5910751819610596
2.0330541133880615
1.3068565130233765
1.8844131231307983
1.681706428527832
2.813340663909912
1.3715366125106812
2.319520950317383
1.2105873823165894
2.9503486156463623
1.6603176593780518
2.3045740127563477
1.3721833229064941
1.8476438522338867
2.9804341793060303
1.6122888326644897
1.8137751817703247
1.4940179586410522
2.1896660327911377
1.4262433052062988
1.8021796941757202
2.1517724990844727
1.3904250860214233
1.7872626781463623
0.8566616773605347
1.8210532665252686
1.3654148578643799
2.0916404724121094
1.0538803339004517
0.8574848771095276
1.950568675994873
1.276807188987732
3.5069851875305176
1.3436713218688965
1.9389331340789795
2.536679744720459
2.2536630630493164
1.4639776945114136
1.38897705078125
1.2690660953521729
2.322446823120117
1.2589912414550781
1.2063881158828735
1.321128487586975
1.6205538511276245
1.1949957609176636
1.3390564918518066
1.3396005630493164
0.8087760210037231
1.227317452430725
1.5505828857421875
0.8724735379219055
1.4490907192230225
0.6679589152336121
0.9060034155845642
1.1311465501785278
1.0167908668518066
1.2228491306304932
1.086106538772583
2.1249923706054688
1.093281626701355
0.6944237351417542
2.145279884338379
1.0234899520874023
1.0096336603164673
2.2767810821533203
1.2997665405273438
0.5319033265113831
0.37330493330955505
1.2428706884384155
2.222764253616333
0.6783109307289124
1.1590032577514648
1.7962279319763184
1.7026232481002808
1.040947675704956
1.0419092178344727
0.7377313375473022
1.2849249839782715
1.0788986682891846
1.783291220664978
1.0856574773788452
0.9983319640159607
0.9968142509460449
0.848127007484436
1.326139211654663
1.1379961967468262
1.1468713283538818
0.7289829254150391
0.9500152468681335
0.9702138304710388
1.378778338432312
0.61993807554245
1.2511037588119507
0.9720535278320312
1.0660024881362915
1.3866984844207764
0.6097608804702759
1.5356886386871338
1.308824062347412
0.588863730430603
0.7102835774421692
0.9737548828125
0.6930177211761475
0.8790452480316162
0.8144004344940186
0.5615161657333374
0.7826349139213562
1.2560279369354248
0.8885887265205383
0.9714793562889099
0.6898243427276611
0.9883208274841309
0.6619800329208374
0.8386218547821045
1.145625352859497
1.1610885858535767
0.7762489914894104
0.5907087326049805
0.7857983112335205
0.6791180968284607
0.685473620891571
0.8369753956794739
0.5976883769035339
0.5737402439117432
1.0445657968521118
0.6248977780342102
0.8061656355857849
0.6760809421539307
0.7566283941268921
1.2372030019760132
0.7045192718505859
0.8718539476394653
0.5169570446014404
0.6864306926727295
0.7065504193305969
0.6678840517997742
0.5918474793434143
0.6799715161323547
0.5449603199958801
1.122963786125183
1.0860062837600708
0.4840256869792938
0.8901910185813904
0.44961532950401306
1.0128870010375977
1.019518494606018
0.9830256700515747
0.6952043771743774
1.1611192226409912
0.8168430328369141
0.5837960243225098
0.8877008557319641
0.5377032160758972
0.7357720136642456
1.3771377801895142
0.8076114058494568
0.8082847595214844
0.7408947944641113
0.6416845917701721
0.5179378986358643
0.8995650410652161
0.5756140351295471
0.8657048940658569
0.6280578970909119
0.37789422273635864
1.182286024093628
0.41581442952156067
0.5938751101493835
0.6804722547531128
0.8768619298934937
0.6131453514099121
1.1747585535049438
0.5493468642234802
0.7270334362983704
0.8423102498054504
0.8898209929466248
0.7639873027801514
0.6759783029556274
0.68053138256073
0.6243462562561035
0.7665930986404419
0.6348451972007751
0.6621620059013367
0.5452449321746826
0.9910131692886353
0.7660852074623108
0.6781399250030518
0.8331601619720459
0.595935583114624
0.6039884090423584
0.6421968340873718
0.42195093631744385
0.38637709617614746
0.9910798668861389
0.3791389465332031
0.7215778231620789
1.1863313913345337
1.0106276273727417
0.5321970582008362
0.6789948344230652
0.59718918800354
0.4172261357307434
0.6785032153129578
0.39072445034980774
0.4793204069137573
0.743650496006012
0.6731377243995667
0.5857222080230713
0.4317561984062195
0.7943205833435059
0.5328943729400635
0.6596203446388245
0.5784282088279724
0.700691282749176
0.7951804995536804
0.44582056999206543
0.7473474144935608
0.46301913261413574
0.42335736751556396
0.7527332901954651
0.6469559669494629
0.7473688721656799
0.7135784029960632
0.5251966714859009
0.50429368019104
0.5558427572250366
0.41328221559524536
0.35852107405662537
0.8600731492042542
0.7708088755607605
1.3151522874832153
0.5270578265190125
0.5002617239952087
0.833263099193573
0.6954143047332764
0.5362690091133118
0.4725435972213745
0.5709438920021057
0.7944676876068115
0.5544832348823547
0.37900611758232117
0.7655463218688965
0.527666449546814
0.5525624752044678
0.4487485885620117
0.35333362221717834
0.7486778497695923
0.6143036484718323
0.7718268036842346
0.4712732434272766
0.49503716826438904
0.4171085059642792
0.7033492922782898
0.5776231288909912
0.6827670931816101
0.8672980666160583
0.7163458466529846
0.36337336897850037
0.6003984808921814
0.9511299133300781
0.38062039017677307
0.8834984302520752
0.6844046115875244
0.5340729355812073
0.47293010354042053
0.57276850938797
0.5752328634262085
0.3640213906764984
0.6454748511314392
0.6141541600227356
0.8046385049819946
0.7848031520843506
0.7035515308380127
0.357697457075119
0.8069009184837341
0.6797781586647034
0.8312013745307922
0.8018308281898499
0.5108569860458374
0.6342272162437439
0.49506843090057373
0.5652417540550232
0.39349937438964844
0.8402494192123413
0.5102584362030029
0.5003402829170227
0.5002048015594482
0.966702938079834
0.5668514370918274
0.8833160400390625
0.7013540863990784
0.6166753172874451
0.545689582824707
0.5047205090522766
0.5501462817192078
0.6751524209976196
0.402508020401001
0.5431590676307678
0.7060938477516174
0.4380171298980713
0.6968168616294861
0.4812011420726776
1.0105774402618408
0.4838082492351532
0.2607603073120117
0.6068728566169739
0.8315704464912415
0.7405912280082703
0.5024851560592651
0.5966635346412659
0.4491492211818695
0.20176701247692108
0.7419662475585938
0.3571341335773468
0.5905676484107971
0.8068455457687378
0.5871135592460632
0.886879563331604
0.4909283518791199
0.6459721922874451
0.24731752276420593
0.6626768708229065
0.825606107711792
1.0807926654815674
0.6171606779098511
0.47602131962776184
0.8913345336914062
0.22756719589233398
0.46871238946914673
0.347534716129303
0.47626808285713196
0.4886704683303833
0.8381109833717346
0.7465894818305969
0.45879417657852173
0.4677771031856537
0.40600940585136414
0.9571576714515686
0.38967186212539673
0.30708009004592896
0.29943761229515076
0.7633290886878967
1.0770546197891235
0.6721717715263367
0.3591400980949402
0.3416450619697571
0.7308885455131531
0.3387000560760498
0.6200807690620422
0.4829506576061249
0.8223783373832703
0.3197902739048004
0.3662763237953186
0.969631016254425
0.5908493995666504
0.6272014379501343
0.46979519724845886
0.3401182293891907
0.7465858459472656
0.9971891641616821
0.42357826232910156
0.4137473702430725
0.8361690640449524
1.170038104057312
0.5219296813011169
0.6134155988693237
0.5499266386032104
0.725419282913208
0.3239021599292755
0.4587985575199127
0.5199001431465149
0.8001930117607117
0.36343249678611755
0.6870633959770203
0.45404329895973206
0.6398321986198425
0.2712339162826538
0.6596116423606873
0.6274746060371399
0.5402395129203796
0.46099045872688293
0.46526801586151123
0.6097139716148376
0.71510910987854
0.7498981356620789
0.5439910292625427
0.5439677238464355
0.8866552710533142
0.7135887742042542
0.2747122347354889
0.4296242892742157
0.3961219787597656
0.3487071990966797
0.6949136257171631
0.4786781072616577
0.4914405345916748
0.42658618092536926
0.6427343487739563
0.5053945779800415
0.5994601249694824
0.4540883004665375
0.3219151794910431
0.7966322302818298
0.49114790558815
0.8333581686019897
0.653582751750946
0.4966143071651459
0.49567607045173645
0.43156298995018005
0.3215208053588867
0.6404675841331482
0.5483294129371643
0.29915380477905273
0.5701908469200134
0.673938512802124
0.42548099160194397
0.8310639262199402
0.19353942573070526
0.48168110847473145
0.4913065433502197
0.458247572183609
0.4949114918708801
0.42569124698638916
0.6697472333908081
0.2773922383785248
0.5569957494735718
0.45153287053108215
0.630437970161438
0.3578586280345917
0.523221492767334
1.0507752895355225
0.7684952616691589
0.3374359607696533
0.49815377593040466
0.3852975368499756
0.6293634176254272
0.8294344544410706
0.9656990170478821
0.37708836793899536
0.3411952555179596
0.546072781085968
0.4587162733078003
0.529858410358429
0.5766867399215698
0.7565018534660339
0.3490067720413208
0.3731134831905365
0.30796775221824646
0.5885583162307739
0.43669551610946655
0.5623315572738647
0.7224279642105103
0.5783390998840332
0.3308449983596802
0.28082743287086487
0.5433807969093323
0.5204293727874756
0.4321187138557434
0.5047915577888489
0.30548781156539917
0.564214825630188
0.799602210521698
0.3983612358570099
0.3853593170642853
0.7203246355056763
0.5673086047172546
0.3874412178993225
0.2210066020488739
0.3770073354244232
0.3456542193889618
0.375672847032547
0.5830320119857788
0.30589354038238525
0.37506088614463806
0.8360663056373596
0.16444054245948792
0.16119247674942017
0.2406485229730606
0.3335600197315216
0.368996262550354
0.3148761987686157
0.722777783870697
0.4046538174152374
0.3253186345100403
0.5944628715515137
0.8453109860420227
0.36270424723625183
0.8148604035377502
0.6243005990982056
0.6205627918243408
0.8975871205329895
1.0165247917175293
0.5930572748184204
0.8638875484466553
0.5238815546035767
0.44003596901893616
0.4444870054721832
0.5512224435806274
0.3042384386062622
0.4602624475955963
0.5427068471908569
0.369949072599411
0.7532386779785156
0.7158569097518921
1.101016640663147
0.48735374212265015
0.6472880840301514
0.5881298184394836
0.43037715554237366
0.4933815896511078
0.7332948446273804
0.6439375877380371
0.4123018682003021
0.44546347856521606
0.6659719944000244
0.4800364673137665
0.8496575355529785
0.662518322467804
0.5645616054534912
0.8189440965652466
0.5040051937103271
0.2628648281097412
0.5442087054252625
0.37966758012771606
0.5823788642883301
0.4635734558105469
0.6890072822570801
0.6687290072441101
0.7342404723167419
0.4411064386367798
0.5005119442939758
0.43171408772468567
0.5373002886772156
0.3289407789707184
0.7716641426086426
0.5467222929000854
0.42115670442581177
0.5294842720031738
0.6288596987724304
0.35822582244873047
0.4193015694618225
0.4978334307670593
0.7246435284614563
0.5063501596450806
0.27181515097618103
0.32606184482574463
0.3355449438095093
0.5743160843849182
0.37670788168907166
0.5328916311264038
0.492096871137619
0.13846434652805328
0.508037269115448
0.9104824066162109
0.1734190136194229
0.49235060811042786
0.6971765756607056
0.36713695526123047
0.5707216262817383
0.16843587160110474
0.27208828926086426
0.44933268427848816
0.5094999074935913
0.3735183775424957
0.6012426614761353
0.9192847609519958
0.7636014819145203
0.6601496338844299
0.5146859884262085
0.447584331035614
0.9052363038063049
0.6220954656600952
0.4814777076244354
0.5117517709732056
0.3750988841056824
0.6802346110343933
0.30549460649490356
0.4100847542285919
0.8090392351150513
0.5320608615875244
0.4754716455936432
0.3638323247432709
0.3927151560783386
0.7032623887062073
0.5377514362335205
0.44633346796035767
0.5442945957183838
0.6584014296531677
0.5180039405822754
0.6162137985229492
0.2400927096605301
0.37230318784713745
0.37304240465164185
0.42626503109931946
0.345305472612381
0.5609924793243408
0.5330294966697693
0.17171412706375122
0.4199708104133606
0.187047079205513
0.28546759486198425
0.1829768568277359
0.8023669719696045
0.44634175300598145
0.65456223487854
0.26068174839019775
0.0908346101641655
0.24672523140907288
0.5248287916183472
0.17770451307296753
0.4127598702907562
0.47886934876441956
0.5894683599472046
0.31158122420310974
0.17595702409744263
0.4580078125
0.29987233877182007
0.7695788741111755
0.6691843271255493
0.41033095121383667
0.9699530601501465
0.09013503789901733
0.16693848371505737
0.7921135425567627
0.6229450106620789
0.5061333775520325
0.45013558864593506
0.21617445349693298
0.42194420099258423
0.4792548716068268
0.40857353806495667
0.5276239514350891
0.6241217255592346
0.6672210693359375
0.37741637229919434
0.37464916706085205
0.38870590925216675
0.6469241976737976
0.22211851179599762
0.4786754250526428
0.2679499387741089
0.4209093451499939
0.3300364315509796
0.4029737114906311
0.9388660192489624
0.6879458427429199
0.2638603150844574
0.5944440960884094
0.3847768306732178
0.49420997500419617
0.42646560072898865
1.211836338043213
0.41424641013145447
0.5908027291297913
0.42130047082901
0.45172610878944397
0.7450578808784485
0.38388705253601074
0.5452641844749451
0.7564840912818909
0.5781547427177429
0.7815148234367371
0.6222443580627441
0.4606759548187256
0.6670183539390564
0.6381697654724121
1.031341791152954
0.7111107707023621
0.4388190805912018
0.5932534337043762
1.691498875617981
1.030565619468689
1.048608422279358
0.6485207080841064
0.27164000272750854
1.110062599182129
0.7144976258277893
0.5332633852958679
0.27807366847991943
0.2980298399925232
0.2665802240371704
0.5864335894584656
0.6860488653182983
0.8373391032218933
0.5201722979545593
0.6004832983016968
0.5742419958114624
0.3514198958873749
0.32717689871788025
0.726533055305481
0.6357187628746033
0.5470726490020752
0.4512542486190796
0.6351484060287476
0.6172757148742676
0.3335827589035034
0.8535663485527039
0.42640864849090576
0.4719598889350891
0.7086666822433472
0.346709668636322
0.504721462726593
0.31971657276153564
0.36300206184387207
0.29726728796958923
0.9804355502128601
0.7131909132003784
0.2556731104850769
0.307399183511734
0.2925991415977478
0.4182262718677521
0.7533919811248779
0.394544780254364
0.6021621823310852
0.3816765248775482
0.7336006164550781
0.37007030844688416
0.4728795289993286
0.5212953090667725
0.23074840009212494
0.5610222816467285
0.4012512266635895
0.5481769442558289
0.9732745289802551
0.506401002407074
0.35258373618125916
0.3076366186141968
0.47317609190940857
0.388408362865448
0.3785172700881958
0.790646493434906
0.37523913383483887
0.3393813669681549
0.923465371131897
0.3836318850517273
0.9981234073638916
0.36073821783065796
0.4216296076774597
0.506894588470459
0.6414677500724792
0.5004398822784424
0.23140239715576172
0.7508317828178406
0.7518842220306396
0.30933788418769836
0.4704476296901703
0.4710347354412079
0.49538716673851013
1.050013780593872
0.645534336566925
0.30278128385543823
0.3540041744709015
0.3270524740219116
0.6104190945625305
0.7941016554832458
0.4434499740600586
0.9584802389144897
0.4782645106315613
0.2753720283508301
0.5857486128807068
0.5224554538726807
0.7629632353782654
0.2933410406112671
0.32756340503692627
0.5849620699882507
0.6642228960990906
0.5468787550926208
0.5225940942764282
0.42983078956604004
0.4691554307937622
0.5047632455825806
0.42451897263526917
0.49105700850486755
0.37374740839004517
0.5581108331680298
0.2855198383331299
0.615075409412384
0.8126993775367737
0.487951397895813
0.4597979784011841
0.4556630253791809
0.25153958797454834
0.7145234942436218
0.542672872543335
0.307245135307312
0.12327007204294205
0.2328152060508728
0.22341735661029816
0.7395551800727844
0.341447651386261
0.5435159802436829
0.44585689902305603
0.2905636131763458
0.4039272665977478
0.776908278465271
0.3220058083534241
0.45483511686325073
0.4768424332141876
0.36111027002334595
0.250072181224823
1.072219729423523
0.19079379737377167
0.2535191476345062
0.6163827180862427
0.7108780741691589
0.3116064965724945
0.37044990062713623
0.4187617003917694
0.6002375483512878
0.3092956840991974
0.6117175817489624
0.3969583809375763
0.3274442255496979
0.4031582772731781
0.6709099411964417
0.19283433258533478
0.4756038784980774
0.701762318611145
0.30470576882362366
0.2884070873260498
0.43933749198913574
0.5558803677558899
0.36440926790237427
0.43236881494522095
0.2938445508480072
0.2863827645778656
0.3848417401313782
0.20376156270503998
0.24855588376522064
0.5002259612083435
0.516873836517334
0.6054175496101379
0.32285448908805847
0.22942911088466644
0.5343918800354004
0.3899492919445038
0.3366197943687439
0.6686093807220459
0.4013653099536896
0.6061865091323853
0.31251728534698486
0.5315850973129272
0.27541619539260864
0.8022136688232422
0.45921245217323303
0.26434531807899475
0.3142058849334717
0.2114282101392746
0.2732352316379547
0.5367217063903809
0.4291320741176605
0.6929252743721008
0.19726692140102386
0.16207295656204224
0.41600027680397034
0.546207070350647
0.4196615219116211
0.6202713847160339
0.21337401866912842
0.3414999842643738
0.49098968505859375
0.5643975734710693
0.35695406794548035
0.3135794997215271
0.34175625443458557
0.1533319503068924
0.48193180561065674
0.4260302782058716
0.5573570132255554
0.192008838057518
0.5897661447525024
0.4310987591743469
0.21571151912212372
0.2770479917526245
0.5398866534233093
0.41420018672943115
0.4591931104660034
0.2609598636627197
0.21045058965682983
0.5418896675109863
0.37441712617874146
0.4896492660045624
0.28464066982269287
0.5977165102958679
0.39301955699920654
0.48527222871780396
0.4067307710647583
0.5085582733154297
0.43885743618011475
0.5010266900062561
0.6118903160095215
0.33834007382392883
0.3126019835472107
1.1297404766082764
0.6077961921691895
0.9576238989830017
0.27117547392845154
0.2236025631427765
0.4257185757160187
0.5885894894599915
0.3730003237724304
0.5829901099205017
0.3324489891529083
0.3760746717453003
0.31537899374961853
0.5715195536613464
0.38786545395851135
1.0049012899398804
0.666096031665802
1.076402187347412
0.34779179096221924
0.3227508068084717
0.5323324203491211
0.7003419399261475
0.256011426448822
0.4330188035964966
0.3363575339317322
0.5023592114448547
0.3402749001979828
0.2559647262096405
0.4076889753341675
0.08198647201061249
0.6428964138031006
0.5391221046447754
0.29500800371170044
0.712587296962738
0.44553565979003906
0.2830960154533386
0.33960315585136414
0.2181967943906784
0.5026051998138428
0.16837570071220398
0.38796931505203247
0.35720333456993103
0.30315962433815
0.38017958402633667
0.3155084550380707
0.2690528631210327
0.3779098391532898
0.25475627183914185
0.4262060821056366
0.18104234337806702
0.27262601256370544
0.4135116934776306
0.27323147654533386
0.43378230929374695
0.6212191581726074
0.19117888808250427
0.5178259015083313
0.3077397644519806
0.2909539043903351
0.3408358693122864
0.30705320835113525
0.3345143795013428
0.28361549973487854
0.3791202902793884
0.36164191365242004
0.3073485791683197
0.7065699696540833
0.1313900351524353
0.5243669748306274
0.2847016453742981
0.27005302906036377
0.3148394823074341
0.4687487781047821
0.30648335814476013
0.30588069558143616
0.3243909776210785
0.4060696065425873
0.2298842817544937
0.3658909499645233
0.44643065333366394
0.39062821865081787
0.13184256851673126
0.33544856309890747
0.18085777759552002
0.40946701169013977
0.3608386516571045
0.6078051924705505
1.141554832458496
0.3604225218296051
0.17997139692306519
0.39892372488975525
0.9418355822563171
0.6947351694107056
0.6851223707199097
0.24343685805797577
0.5228633880615234
0.5712181925773621
